45
-1.181 6.25
5.811 0.521
2.504 -4.263
-1.079 -2.497
-8.129 -4.441
9.54 1.505
2.074 3.408
-6.787 1.048
9.552 -6.435
-5.619 -7.736
-8.668 5.235
-7.983 -9.626
-9.718 -4.022
-5.261 -1.815
-1.882 4.449
3.687 4.579
-6.345 6.544
-6.061 9.009
-6.379 0.255
-1.709 -9.135
0.759 1.173
-4.325 -4.46
-0.68 6.547
-8.994 -6.092
-1.19 -2.142
-7.441 2.76
-1.749 4.106
-6.329 2.102
0.744 -2.075
-3.61 -7.416
1.215 1.971
-4.707 -2.11
-0.263 -4.785
2.123 -3.758
-3.144 -0.479
3.494 -6.103
-1.315 -7.242
-4.292 -3.702
-6.706 7.117
-2.949 -8.544
2.294 0.147
-3.122 5.077
-8.691 -1.934
9.993 -9.536
-7.399 -5.435
2
3 74.55
16 50.28
0
4
43 27.24
36 50.81
5 25.91
19 46.4
4
30 55.56
18 36.42
42 8.91
25 70.73
0
0
2
0 64.27
4 48.36
1
36 93.74
0
0
0
3
15 41.78
18 18.58
14 63.42
1
24 3.65
1
4 71.39
1
0 47.1
2
6 24.63
36 91.03
2
31 19.84
37 41.2
4
25 3.4
27 4.55
42 92.48
8 66.89
3
25 60.39
23 83.7
33 43.88
3
24 6.9
34 51.69
15 76.01
2
29 60.85
21 61.13
1
36 25.45
1
21 91.58
2
3 4.4
16 25.83
1
32 39.96
4
9 8.73
36 49.29
10 74.75
39 94.02
2
30 70.98
27 16.17
4
18 71.3
20 94.42
41 78.55
14 2.45
0
4
31 60.08
28 82.63
4 25.44
6 61.38
1
6 59.32
0
1
19 42.41
1
23 44.28
1
19 13.67
2
0 16.44
41 53.69
4
32 26.77
25 90.36
3 77.41
27 85.57
4
41 73.13
34 68.8
3 3.91
2 73.61
4
30 56.62
31 12.92
15 25.04
5 73.82
1
14 95.4
1
17 27.12
0
1
4 82.75
4
16 74.05
42 39.48
13 52.16
23 45.12
3
36 1.47
3 82.16
31 83.29
33